Date Time,tg (°C),tnw (°C),ta (°C),rh (%),va (m/s),WBGT_I (°C),WBGT_O (°C),HI (°C),Hx
2/14/2017 1:56:00 PM,28.9,28.9,29.0,49.0,-999999.0,28.9,28.9,29.5,34.4
2/14/2017 1:58:00 PM,29.0,29.0,29.0,50.1,-999999.0,29.0,29.0,29.7,34.7
2/14/2017 2:00:00 PM,29.0,29.0,29.0,49.5,-999999.0,29.0,29.0,29.6,34.6
2/14/2017 2:02:00 PM,29.0,29.0,29.0,49.7,-999999.0,29.0,29.0,29.7,34.6
2/14/2017 2:04:00 PM,29.0,29.0,29.1,49.9,-999999.0,29.0,29.0,29.7,34.8
2/14/2017 2:06:00 PM,29.1,29.1,29.1,49.2,-999999.0,29.1,29.1,29.7,34.6
2/14/2017 2:08:00 PM,29.1,29.1,29.1,49.0,-999999.0,29.1,29.1,29.7,34.6
2/14/2017 2:10:00 PM,29.1,29.1,29.1,49.0,-999999.0,29.1,29.1,29.7,34.6
2/14/2017 2:12:00 PM,29.1,29.1,29.1,49.0,-999999.0,29.1,29.1,29.7,34.7
2/14/2017 2:14:00 PM,29.1,29.1,29.1,49.0,-999999.0,29.1,29.1,29.7,34.7
2/14/2017 2:16:00 PM,29.1,29.1,29.1,49.0,-999999.0,29.1,29.1,29.7,34.7
2/14/2017 2:18:00 PM,29.1,29.1,29.2,49.1,-999999.0,29.1,29.1,29.8,34.7
2/14/2017 2:20:00 PM,29.1,29.2,29.2,49.1,-999999.0,29.2,29.2,29.8,34.7
2/14/2017 2:22:00 PM,29.1,29.2,29.2,49.1,-999999.0,29.2,29.2,29.8,34.7
2/14/2017 2:24:00 PM,29.2,29.2,29.2,49.1,-999999.0,29.2,29.2,29.8,34.8
2/14/2017 2:26:00 PM,29.1,29.2,29.2,49.0,-999999.0,29.2,29.2,29.8,34.7
2/14/2017 2:28:00 PM,29.1,29.2,29.2,48.8,-999999.0,29.2,29.2,29.8,34.7
2/14/2017 2:30:00 PM,29.1,29.2,29.2,48.8,-999999.0,29.2,29.2,29.8,34.7
2/14/2017 2:32:00 PM,29.2,29.2,29.2,49.1,-999999.0,29.2,29.2,29.8,34.8
2/14/2017 2:34:00 PM,29.2,29.2,29.2,48.7,-999999.0,29.2,29.2,29.8,34.7
2/14/2017 2:36:00 PM,29.2,29.2,29.2,48.7,-999999.0,29.2,29.2,29.8,34.7
2/14/2017 2:38:00 PM,29.2,29.2,29.2,48.5,-999999.0,29.2,29.2,29.8,34.7
2/14/2017 2:40:00 PM,29.2,29.2,29.2,48.5,-999999.0,29.2,29.2,29.8,34.7
2/14/2017 2:42:00 PM,29.2,29.2,29.2,48.5,-999999.0,29.2,29.2,29.8,34.7
2/14/2017 2:44:00 PM,29.2,29.2,29.2,48.5,-999999.0,29.2,29.2,29.8,34.7
2/14/2017 2:46:00 PM,29.2,29.2,29.2,48.5,-999999.0,29.2,29.2,29.8,34.7
2/14/2017 2:48:00 PM,29.2,29.3,29.3,48.5,-999999.0,29.2,29.3,29.8,34.7
2/14/2017 2:50:00 PM,29.2,29.3,29.3,48.3,-999999.0,29.3,29.3,29.8,34.7
2/14/2017 2:52:00 PM,29.2,29.3,29.3,48.1,-999999.0,29.3,29.3,29.8,34.6
2/14/2017 2:54:00 PM,29.2,29.3,29.3,48.0,-999999.0,29.3,29.3,29.8,34.6
2/14/2017 2:56:00 PM,29.2,29.3,29.3,48.0,-999999.0,29.3,29.3,29.8,34.7
2/14/2017 2:58:00 PM,29.2,29.3,29.3,48.0,-999999.0,29.3,29.3,29.8,34.7
2/14/2017 3:00:00 PM,29.3,29.3,29.3,48.0,-999999.0,29.3,29.3,29.8,34.7
2/14/2017 3:02:00 PM,29.3,29.4,29.3,48.0,-999999.0,29.3,29.3,29.9,34.8
2/14/2017 3:04:00 PM,29.3,29.4,29.3,48.0,-999999.0,29.3,29.3,29.9,34.8
2/14/2017 3:06:00 PM,29.3,29.4,29.3,48.0,-999999.0,29.3,29.3,29.9,34.8
2/14/2017 3:08:00 PM,29.3,29.4,29.4,48.2,-999999.0,29.3,29.3,29.9,34.8
2/14/2017 3:10:00 PM,29.3,29.4,29.3,48.2,-999999.0,29.3,29.3,29.9,34.8
2/14/2017 3:12:00 PM,29.3,29.4,29.3,48.5,-999999.0,29.3,29.3,29.9,34.9
2/14/2017 3:14:00 PM,29.3,29.4,29.4,48.3,-999999.0,29.3,29.3,29.9,34.9
2/14/2017 3:16:00 PM,29.3,29.4,29.4,48.3,-999999.0,29.3,29.3,29.9,34.9
2/14/2017 3:18:00 PM,29.3,29.4,29.4,48.3,-999999.0,29.3,29.3,29.9,34.8
2/14/2017 3:20:00 PM,29.3,29.4,29.3,48.3,-999999.0,29.3,29.3,29.9,34.8
2/14/2017 3:22:00 PM,29.3,29.4,29.3,48.5,-999999.0,29.3,29.3,29.9,34.9
2/14/2017 3:24:00 PM,29.3,29.4,29.3,48.6,-999999.0,29.3,29.3,29.9,34.9
2/14/2017 3:26:00 PM,29.3,29.4,29.4,48.6,-999999.0,29.3,29.4,29.9,34.9
2/14/2017 3:28:00 PM,29.3,29.4,29.4,48.6,-999999.0,29.4,29.4,29.9,34.9
2/14/2017 3:30:00 PM,29.3,29.4,29.4,48.6,-999999.0,29.4,29.4,29.9,34.9
2/14/2017 3:32:00 PM,29.3,29.4,29.4,48.8,-999999.0,29.4,29.4,30.0,35.0
2/14/2017 3:34:00 PM,29.3,29.4,29.4,49.1,-999999.0,29.4,29.4,30.0,35.1
2/14/2017 3:36:00 PM,29.3,29.4,29.4,49.1,-999999.0,29.4,29.4,30.0,35.1
2/14/2017 3:38:00 PM,29.3,29.4,29.4,49.1,-999999.0,29.4,29.4,30.1,35.1
2/14/2017 3:40:00 PM,29.3,29.4,29.4,49.1,-999999.0,29.4,29.4,30.1,35.1
2/14/2017 3:42:00 PM,29.3,29.4,29.4,49.1,-999999.0,29.4,29.4,30.1,35.1
2/14/2017 3:44:00 PM,29.4,29.4,29.4,49.1,-999999.0,29.4,29.4,30.1,35.2
2/14/2017 3:46:00 PM,29.4,29.5,29.4,49.6,-999999.0,29.4,29.4,30.2,35.3
2/14/2017 3:48:00 PM,29.4,29.5,29.4,49.6,-999999.0,29.4,29.4,30.2,35.3
2/14/2017 3:50:00 PM,29.4,29.5,29.4,49.6,-999999.0,29.4,29.4,30.2,35.3
2/14/2017 3:52:00 PM,29.4,29.5,29.4,49.6,-999999.0,29.5,29.5,30.2,35.3
2/14/2017 3:54:00 PM,29.4,29.5,29.4,49.7,-999999.0,29.5,29.5,30.2,35.3
2/14/2017 3:56:00 PM,29.4,29.5,29.4,50.0,-999999.0,29.5,29.5,30.3,35.4
2/14/2017 3:58:00 PM,29.4,29.5,29.5,50.1,-999999.0,29.4,29.5,30.3,35.5
2/14/2017 4:00:00 PM,29.4,29.4,29.4,50.1,-999999.0,29.4,29.4,30.3,35.4
2/14/2017 4:02:00 PM,29.4,29.4,29.4,50.1,-999999.0,29.4,29.4,30.3,35.4
2/14/2017 4:04:00 PM,29.4,29.4,29.4,50.1,-999999.0,29.4,29.4,30.2,35.4
2/14/2017 4:06:00 PM,29.3,29.4,29.4,50.1,-999999.0,29.4,29.4,30.2,35.4
2/14/2017 4:08:00 PM,29.3,29.4,29.4,50.1,-999999.0,29.4,29.4,30.2,35.4
2/14/2017 4:10:00 PM,29.3,29.4,29.4,50.2,-999999.0,29.3,29.4,30.2,35.4
2/14/2017 4:12:00 PM,29.3,29.3,29.4,50.5,-999999.0,29.3,29.3,30.2,35.4
2/14/2017 4:14:00 PM,29.3,29.4,29.4,50.6,-999999.0,29.3,29.3,30.3,35.4
2/14/2017 4:16:00 PM,29.3,29.3,29.4,50.6,-999999.0,29.3,29.3,30.2,35.4
2/14/2017 4:18:00 PM,29.3,29.3,29.3,50.6,-999999.0,29.3,29.3,30.2,35.4
2/14/2017 4:20:00 PM,29.3,29.3,29.4,50.9,-999999.0,29.3,29.3,30.2,35.5
2/14/2017 4:22:00 PM,29.3,29.4,29.4,51.1,-999999.0,29.4,29.4,30.3,35.5
2/14/2017 4:24:00 PM,29.3,29.4,29.4,51.1,-999999.0,29.4,29.4,30.3,35.5
2/14/2017 4:26:00 PM,29.3,29.4,29.4,51.1,-999999.0,29.4,29.4,30.3,35.6
2/14/2017 4:28:00 PM,29.3,29.4,29.4,50.8,-999999.0,29.4,29.4,30.3,35.5
2/14/2017 4:30:00 PM,29.3,29.4,29.4,50.7,-999999.0,29.4,29.4,30.3,35.5
2/14/2017 4:32:00 PM,29.3,29.3,29.3,51.1,-999999.0,29.3,29.3,30.3,35.5
2/14/2017 4:34:00 PM,29.3,29.3,29.3,51.1,-999999.0,29.3,29.3,30.3,35.5
2/14/2017 4:36:00 PM,29.3,29.4,29.3,51.1,-999999.0,29.3,29.4,30.3,35.5
2/14/2017 4:38:00 PM,29.3,29.4,29.3,51.1,-999999.0,29.4,29.4,30.3,35.5
2/14/2017 4:40:00 PM,29.3,29.4,29.3,51.1,-999999.0,29.4,29.4,30.3,35.5
2/14/2017 4:42:00 PM,29.3,29.4,29.3,51.1,-999999.0,29.4,29.4,30.3,35.5
2/14/2017 4:44:00 PM,29.3,29.4,29.3,51.1,-999999.0,29.3,29.4,30.3,35.5
2/14/2017 4:46:00 PM,29.3,29.3,29.3,51.1,-999999.0,29.3,29.3,30.2,35.5
2/14/2017 4:48:00 PM,29.3,29.4,29.3,51.1,-999999.0,29.3,29.3,30.2,35.5
2/14/2017 4:50:00 PM,29.3,29.4,29.3,51.1,-999999.0,29.4,29.4,30.2,35.4
2/14/2017 4:52:00 PM,29.3,29.4,29.3,51.1,-999999.0,29.4,29.4,30.2,35.4
2/14/2017 4:54:00 PM,29.3,29.4,29.3,51.1,-999999.0,29.4,29.3,30.2,35.4
2/14/2017 4:56:00 PM,29.3,29.4,29.3,51.1,-999999.0,29.3,29.3,30.2,35.4
2/14/2017 4:58:00 PM,29.3,29.4,29.3,51.1,-999999.0,29.3,29.3,30.2,35.4
2/14/2017 5:00:00 PM,29.3,29.4,29.3,51.1,-999999.0,29.3,29.3,30.2,35.4
2/14/2017 5:02:00 PM,29.3,29.4,29.3,51.1,-999999.0,29.3,29.3,30.2,35.4
2/14/2017 5:04:00 PM,29.3,29.4,29.3,51.1,-999999.0,29.3,29.3,30.2,35.4
2/14/2017 5:06:00 PM,29.3,29.4,29.3,51.1,-999999.0,29.3,29.3,30.2,35.4
2/14/2017 5:08:00 PM,29.3,29.4,29.3,51.2,-999999.0,29.4,29.4,30.2,35.4
2/14/2017 5:10:00 PM,29.3,29.4,29.3,51.2,-999999.0,29.4,29.4,30.3,35.5
2/14/2017 5:12:00 PM,29.4,29.4,29.3,51.1,-999999.0,29.4,29.4,30.3,35.5
2/14/2017 5:14:00 PM,29.4,29.4,29.4,51.2,-999999.0,29.4,29.4,30.3,35.6
2/14/2017 5:16:00 PM,29.4,29.5,29.4,51.2,-999999.0,29.5,29.5,30.4,35.6
2/14/2017 5:18:00 PM,29.4,29.4,29.4,51.4,-999999.0,29.4,29.4,30.4,35.7
2/14/2017 5:20:00 PM,29.5,29.5,29.4,51.9,-999999.0,29.5,29.5,30.5,35.8
2/14/2017 5:22:00 PM,29.5,29.5,29.4,51.2,-999999.0,29.5,29.5,30.4,35.7
2/14/2017 5:24:00 PM,29.5,29.4,29.4,51.1,-999999.0,29.4,29.4,30.4,35.6
2/14/2017 5:26:00 PM,29.5,29.4,29.4,51.4,-999999.0,29.4,29.4,30.4,35.7
2/14/2017 5:28:00 PM,29.4,29.4,29.4,51.4,-999999.0,29.4,29.4,30.4,35.7
2/14/2017 5:30:00 PM,29.4,29.4,29.4,51.6,-999999.0,29.4,29.4,30.4,35.7
2/14/2017 5:32:00 PM,29.4,29.5,29.4,51.7,-999999.0,29.4,29.4,30.5,35.8
2/14/2017 5:34:00 PM,29.4,29.5,29.4,51.7,-999999.0,29.5,29.5,30.5,35.8
2/14/2017 5:36:00 PM,29.5,29.5,29.5,51.6,-999999.0,29.5,29.5,30.5,35.8
2/14/2017 5:38:00 PM,29.5,29.5,29.5,51.7,-999999.0,29.5,29.5,30.5,35.8
2/14/2017 5:40:00 PM,29.5,29.5,29.5,51.7,-999999.0,29.5,29.5,30.5,35.8
2/14/2017 5:42:00 PM,29.5,29.5,29.5,51.7,-999999.0,29.5,29.5,30.5,35.9
2/14/2017 5:44:00 PM,29.5,29.5,29.5,51.7,-999999.0,29.5,29.5,30.5,35.8
2/14/2017 5:46:00 PM,29.5,29.5,29.5,51.7,-999999.0,29.5,29.5,30.5,35.8
2/14/2017 5:48:00 PM,29.5,29.5,29.5,51.7,-999999.0,29.5,29.5,30.6,35.9
2/14/2017 5:50:00 PM,29.5,29.5,29.5,51.7,-999999.0,29.5,29.5,30.6,35.9
2/14/2017 5:52:00 PM,29.5,29.5,29.5,51.6,-999999.0,29.5,29.5,30.6,35.9
2/14/2017 5:54:00 PM,29.5,29.5,29.5,51.7,-999999.0,29.5,29.5,30.6,35.9
2/14/2017 5:56:00 PM,29.5,29.5,29.5,51.7,-999999.0,29.5,29.5,30.6,35.9
2/14/2017 5:58:00 PM,29.5,29.5,29.5,51.7,-999999.0,29.5,29.5,30.6,35.9
2/14/2017 6:00:00 PM,29.6,29.5,29.5,51.7,-999999.0,29.6,29.5,30.6,35.9
2/14/2017 6:02:00 PM,29.6,29.6,29.5,51.8,-999999.0,29.6,29.6,30.6,36.0
2/14/2017 6:04:00 PM,29.6,29.6,29.6,51.8,-999999.0,29.6,29.6,30.7,36.0
2/14/2017 6:06:00 PM,29.6,29.6,29.6,51.7,-999999.0,29.6,29.6,30.7,36.0
2/14/2017 6:08:00 PM,29.6,29.6,29.6,51.6,-999999.0,29.6,29.6,30.7,36.0
2/14/2017 6:10:00 PM,29.7,29.6,29.6,51.5,-999999.0,29.6,29.6,30.7,36.0
2/14/2017 6:12:00 PM,29.7,29.6,29.6,51.3,-999999.0,29.6,29.6,30.7,36.0
2/14/2017 6:14:00 PM,29.7,29.6,29.6,51.2,-999999.0,29.7,29.7,30.7,36.0
2/14/2017 6:16:00 PM,29.7,29.7,29.6,51.2,-999999.0,29.7,29.7,30.7,36.0
2/14/2017 6:18:00 PM,29.7,29.7,29.7,51.2,-999999.0,29.7,29.7,30.7,36.0
2/14/2017 6:20:00 PM,29.7,29.7,29.7,51.2,-999999.0,29.7,29.7,30.8,36.1
2/14/2017 6:22:00 PM,29.7,29.7,29.7,51.2,-999999.0,29.7,29.7,30.8,36.1
2/14/2017 6:24:00 PM,29.7,29.7,29.7,51.6,-999999.0,29.7,29.7,30.8,36.2
2/14/2017 6:26:00 PM,29.7,29.7,29.7,51.7,-999999.0,29.7,29.7,30.9,36.2
2/14/2017 6:28:00 PM,29.7,29.7,29.7,51.7,-999999.0,29.7,29.7,30.8,36.2
2/14/2017 6:30:00 PM,29.7,29.7,29.7,51.7,-999999.0,29.7,29.7,30.8,36.2
2/14/2017 6:32:00 PM,29.7,29.7,29.7,51.7,-999999.0,29.7,29.7,30.8,36.2
2/14/2017 6:34:00 PM,29.7,29.6,29.6,52.1,-999999.0,29.7,29.7,30.8,36.2
2/14/2017 6:36:00 PM,29.7,29.6,29.6,52.2,-999999.0,29.7,29.6,30.8,36.2
2/14/2017 6:38:00 PM,29.7,29.6,29.6,52.2,-999999.0,29.7,29.6,30.8,36.2
2/14/2017 6:40:00 PM,29.7,29.7,29.7,52.2,-999999.0,29.7,29.7,30.9,36.3
2/14/2017 6:42:00 PM,29.7,29.7,29.7,52.2,-999999.0,29.7,29.7,30.9,36.3
2/14/2017 6:44:00 PM,29.7,29.8,29.7,52.2,-999999.0,29.8,29.8,31.0,36.4
2/14/2017 6:46:00 PM,29.8,29.8,29.7,52.2,-999999.0,29.8,29.8,31.0,36.4
2/14/2017 6:48:00 PM,29.8,29.8,29.8,52.2,-999999.0,29.8,29.8,31.0,36.4
2/14/2017 6:50:00 PM,29.8,29.8,29.8,52.2,-999999.0,29.8,29.8,31.0,36.5
2/14/2017 6:52:00 PM,29.8,29.8,29.8,52.2,-999999.0,29.8,29.8,31.1,36.5
2/14/2017 6:54:00 PM,29.8,29.8,29.8,52.2,-999999.0,29.8,29.8,31.1,36.6
2/14/2017 6:56:00 PM,29.8,29.8,29.8,52.2,-999999.0,29.8,29.8,31.1,36.6
2/14/2017 6:58:00 PM,29.8,29.8,29.8,52.2,-999999.0,29.8,29.8,31.1,36.6
2/14/2017 7:00:00 PM,29.9,29.9,29.8,52.2,-999999.0,29.9,29.9,31.2,36.6
2/14/2017 7:02:00 PM,29.9,29.9,29.9,52.2,-999999.0,29.9,29.9,31.2,36.6
2/14/2017 7:04:00 PM,29.9,29.9,29.9,52.2,-999999.0,29.9,29.9,31.2,36.7
2/14/2017 7:06:00 PM,29.9,30.0,29.9,52.2,-999999.0,29.9,29.9,31.3,36.7
2/14/2017 7:08:00 PM,30.0,30.0,30.0,52.2,-999999.0,30.0,30.0,31.3,36.8
2/14/2017 7:10:00 PM,30.0,30.0,30.0,52.2,-999999.0,30.0,30.0,31.4,36.8
2/14/2017 7:12:00 PM,30.0,30.0,30.0,52.3,-999999.0,30.0,30.0,31.4,36.9
2/14/2017 7:14:00 PM,30.0,30.0,30.0,52.3,-999999.0,30.0,30.0,31.4,36.9
2/14/2017 7:16:00 PM,30.0,30.0,30.0,52.3,-999999.0,30.0,30.0,31.4,36.9
2/14/2017 7:18:00 PM,30.0,30.0,30.0,52.3,-999999.0,30.0,30.0,31.4,36.9
2/14/2017 7:20:00 PM,30.0,30.0,30.0,52.3,-999999.0,30.0,30.0,31.4,36.9
2/14/2017 7:22:00 PM,30.0,30.0,30.0,52.3,-999999.0,30.0,30.0,31.4,36.9
2/14/2017 7:24:00 PM,30.0,30.0,30.0,52.3,-999999.0,30.0,30.0,31.4,36.9
2/14/2017 7:26:00 PM,30.0,30.0,30.0,52.3,-999999.0,30.0,30.0,31.4,36.9
2/14/2017 7:28:00 PM,30.0,30.0,30.0,52.3,-999999.0,30.0,30.0,31.5,36.9
2/14/2017 7:30:00 PM,30.0,30.0,30.0,52.3,-999999.0,30.0,30.0,31.5,36.9
2/14/2017 7:32:00 PM,30.0,30.0,30.0,52.3,-999999.0,30.0,30.0,31.5,36.9
2/14/2017 7:34:00 PM,30.0,30.1,30.0,52.3,-999999.0,30.1,30.1,31.5,37.0
2/14/2017 7:36:00 PM,30.1,30.1,30.1,52.2,-999999.0,30.1,30.1,31.5,37.0
2/14/2017 7:38:00 PM,30.1,30.1,30.1,52.3,-999999.0,30.1,30.1,31.5,37.0
2/14/2017 7:40:00 PM,30.1,30.0,30.1,52.3,-999999.0,30.0,30.0,31.5,37.0
2/14/2017 7:42:00 PM,30.0,30.0,30.0,52.3,-999999.0,30.0,30.0,31.5,37.0
2/14/2017 7:44:00 PM,30.0,30.0,30.0,52.3,-999999.0,30.0,30.0,31.5,36.9
2/14/2017 7:46:00 PM,30.0,30.0,30.0,52.3,-999999.0,30.0,30.0,31.4,36.9
2/14/2017 7:48:00 PM,30.0,30.0,30.0,52.3,-999999.0,30.0,30.0,31.5,37.0
2/14/2017 7:50:00 PM,30.0,30.1,30.0,52.3,-999999.0,30.0,30.0,31.5,37.0
2/14/2017 7:52:00 PM,30.1,30.0,30.0,52.4,-999999.0,30.0,30.0,31.4,36.9
2/14/2017 7:54:00 PM,29.9,29.7,29.7,52.6,-999999.0,29.8,29.8,31.0,36.5
2/14/2017 7:56:00 PM,29.8,29.8,29.8,52.4,-999999.0,29.8,29.8,31.1,36.6
2/14/2017 7:58:00 PM,29.8,29.9,29.8,52.7,-999999.0,29.9,29.9,31.2,36.7
2/14/2017 8:00:00 PM,29.9,30.0,29.9,52.7,-999999.0,29.9,29.9,31.3,36.8
2/14/2017 8:02:00 PM,29.9,30.0,30.0,52.7,-999999.0,30.0,30.0,31.4,36.9
2/14/2017 8:04:00 PM,30.0,30.1,30.0,52.6,-999999.0,30.0,30.0,31.5,37.0
2/14/2017 8:06:00 PM,30.0,30.0,30.0,52.3,-999999.0,30.0,30.0,31.4,36.9
2/14/2017 8:08:00 PM,30.0,30.0,30.0,52.7,-999999.0,30.0,30.0,31.5,37.0
2/14/2017 8:10:00 PM,30.0,30.0,30.0,52.8,-999999.0,30.0,30.0,31.5,37.0
2/14/2017 8:12:00 PM,30.0,30.0,30.0,52.8,-999999.0,30.0,30.0,31.5,37.1
2/14/2017 8:14:00 PM,30.1,30.1,30.1,52.8,-999999.0,30.1,30.1,31.6,37.1
2/14/2017 8:16:00 PM,30.1,30.0,30.1,52.8,-999999.0,30.1,30.1,31.6,37.1
2/14/2017 8:18:00 PM,30.1,30.1,30.1,52.8,-999999.0,30.1,30.1,31.6,37.1
2/14/2017 8:20:00 PM,30.1,30.1,30.1,52.8,-999999.0,30.1,30.1,31.6,37.1
2/14/2017 8:22:00 PM,30.1,30.0,30.1,52.8,-999999.0,30.0,30.0,31.6,37.1
2/14/2017 8:24:00 PM,30.1,30.0,30.0,52.8,-999999.0,30.0,30.0,31.6,37.1
2/14/2017 8:26:00 PM,30.1,30.0,30.0,52.8,-999999.0,30.0,30.0,31.6,37.1
2/14/2017 8:28:00 PM,30.0,30.0,30.0,52.8,-999999.0,30.0,30.0,31.5,37.0
2/14/2017 8:30:00 PM,30.0,30.0,30.0,52.8,-999999.0,30.0,30.0,31.5,37.1
2/14/2017 8:32:00 PM,30.0,30.0,30.0,52.8,-999999.0,30.0,30.0,31.5,37.1
2/14/2017 8:34:00 PM,30.0,30.0,30.0,52.7,-999999.0,30.0,30.0,31.5,37.0
2/14/2017 8:36:00 PM,30.0,30.0,30.0,52.6,-999999.0,30.0,30.0,31.5,37.0
2/14/2017 8:38:00 PM,30.0,30.0,30.0,52.5,-999999.0,30.0,30.0,31.5,37.0
2/14/2017 8:40:00 PM,30.0,30.0,30.1,52.3,-999999.0,30.0,30.0,31.5,37.0
2/14/2017 8:42:00 PM,30.0,30.0,30.0,52.3,-999999.0,30.0,30.0,31.5,37.0
2/14/2017 8:44:00 PM,30.1,30.0,30.1,52.6,-999999.0,30.0,30.0,31.5,37.1
2/14/2017 8:46:00 PM,30.1,30.0,30.1,52.5,-999999.0,30.0,30.0,31.5,37.0
2/14/2017 8:48:00 PM,30.1,30.1,30.1,52.5,-999999.0,30.1,30.1,31.5,37.0
2/14/2017 8:50:00 PM,30.0,30.1,30.1,52.5,-999999.0,30.1,30.1,31.5,37.0
2/14/2017 8:52:00 PM,30.0,30.1,30.1,52.5,-999999.0,30.1,30.1,31.6,37.1
2/14/2017 8:54:00 PM,30.0,30.1,30.1,52.3,-999999.0,30.0,30.1,31.5,37.0
2/14/2017 8:56:00 PM,30.0,30.0,30.1,52.3,-999999.0,30.0,30.0,31.5,37.0
2/14/2017 8:58:00 PM,30.0,30.0,30.1,52.3,-999999.0,30.0,30.0,31.5,37.0
2/14/2017 9:00:00 PM,30.0,30.1,30.1,52.3,-999999.0,30.0,30.0,31.5,37.0
2/14/2017 9:02:00 PM,30.0,30.1,30.1,52.3,-999999.0,30.0,30.0,31.5,37.0
2/14/2017 9:04:00 PM,30.0,30.1,30.1,52.3,-999999.0,30.0,30.0,31.5,37.0
2/14/2017 9:06:00 PM,30.0,30.1,30.1,52.3,-999999.0,30.0,30.0,31.5,37.0
2/14/2017 9:08:00 PM,30.0,30.0,30.1,52.3,-999999.0,30.0,30.0,31.5,37.0
2/14/2017 9:10:00 PM,30.0,30.0,30.1,52.3,-999999.0,30.0,30.0,31.5,37.0
2/14/2017 9:12:00 PM,30.0,30.0,30.1,52.3,-999999.0,30.0,30.0,31.5,37.0
2/14/2017 9:14:00 PM,30.0,30.0,30.1,52.3,-999999.0,30.0,30.0,31.5,37.0
2/14/2017 9:16:00 PM,30.0,30.0,30.1,52.3,-999999.0,30.0,30.0,31.5,37.0
2/14/2017 9:18:00 PM,30.0,30.0,30.1,52.3,-999999.0,30.0,30.0,31.5,37.0
2/14/2017 9:20:00 PM,30.0,30.0,30.0,52.3,-999999.0,30.0,30.0,31.5,37.0
2/14/2017 9:22:00 PM,30.0,30.0,30.0,52.3,-999999.0,30.0,30.0,31.5,36.9
2/14/2017 9:24:00 PM,30.0,30.0,30.0,52.3,-999999.0,30.0,30.0,31.5,36.9
2/14/2017 9:26:00 PM,30.0,30.0,30.0,52.3,-999999.0,30.0,30.0,31.5,36.9
2/14/2017 9:28:00 PM,30.0,30.0,30.0,52.3,-999999.0,30.0,30.0,31.4,36.9
2/14/2017 9:30:00 PM,30.0,29.7,29.8,51.5,-999999.0,29.8,29.8,31.0,36.4
2/14/2017 9:32:00 PM,29.8,29.4,29.5,50.6,-999999.0,29.5,29.5,30.5,35.7
2/14/2017 9:34:00 PM,29.6,29.1,29.3,49.4,-999999.0,29.2,29.2,30.0,35.0
2/14/2017 9:36:00 PM,29.3,28.9,29.1,48.2,-999999.0,29.0,29.0,29.5,34.3
2/14/2017 9:38:00 PM,29.1,28.7,28.8,47.6,-999999.0,28.8,28.8,29.2,33.8
2/14/2017 9:40:00 PM,28.9,28.7,28.7,47.9,-999999.0,28.8,28.8,29.1,33.8
2/14/2017 9:42:00 PM,28.8,28.7,28.6,47.9,-999999.0,28.7,28.7,29.0,33.6
2/14/2017 9:44:00 PM,28.7,28.6,28.6,47.9,-999999.0,28.7,28.6,28.9,33.5
2/14/2017 9:46:00 PM,28.7,28.5,28.5,47.7,-999999.0,28.6,28.6,28.8,33.3
2/14/2017 9:48:00 PM,28.6,28.4,28.4,47.9,-999999.0,28.5,28.5,28.7,33.2
2/14/2017 9:50:00 PM,28.6,28.4,28.4,48.0,-999999.0,28.5,28.5,28.7,33.2
2/14/2017 9:52:00 PM,28.6,28.4,28.4,48.4,-999999.0,28.5,28.4,28.7,33.3
2/14/2017 9:54:00 PM,28.6,28.4,28.3,48.4,-999999.0,28.4,28.4,28.6,33.2
2/14/2017 9:56:00 PM,28.5,28.3,28.3,48.5,-999999.0,28.4,28.4,28.6,33.1
2/14/2017 9:58:00 PM,28.5,28.3,28.2,48.9,-999999.0,28.4,28.3,28.6,33.2
2/14/2017 10:00:00 PM,28.5,28.1,28.0,49.1,-999999.0,28.2,28.2,28.4,32.9
2/14/2017 10:02:00 PM,28.3,27.9,27.9,49.4,-999999.0,28.1,28.0,28.2,32.7
2/14/2017 10:04:00 PM,28.2,27.9,27.8,49.4,-999999.0,28.0,27.9,28.1,32.5
2/14/2017 10:06:00 PM,28.0,27.8,27.7,49.4,-999999.0,27.9,27.8,28.1,32.4
2/14/2017 10:08:00 PM,27.9,27.7,27.7,49.4,-999999.0,27.8,27.8,28.0,32.3
2/14/2017 10:10:00 PM,27.9,27.7,27.6,49.4,-999999.0,27.7,27.7,28.0,32.3
2/14/2017 10:12:00 PM,27.8,27.7,27.6,49.4,-999999.0,27.7,27.7,27.9,32.2
2/14/2017 10:14:00 PM,27.8,27.6,27.6,48.9,-999999.0,27.7,27.6,27.9,32.1
2/14/2017 10:16:00 PM,27.7,27.6,27.5,48.8,-999999.0,27.6,27.6,27.9,32.0
2/14/2017 10:18:00 PM,27.7,27.6,27.5,48.8,-999999.0,27.6,27.6,27.8,32.0
2/14/2017 10:20:00 PM,27.7,27.6,27.5,48.8,-999999.0,27.6,27.6,27.8,32.0
2/14/2017 10:22:00 PM,27.7,27.5,27.5,48.8,-999999.0,27.6,27.6,27.8,32.0
2/14/2017 10:24:00 PM,27.6,27.5,27.5,48.8,-999999.0,27.6,27.5,27.8,31.9
2/14/2017 10:26:00 PM,27.6,27.5,27.5,48.8,-999999.0,27.6,27.5,27.8,31.9
2/14/2017 10:28:00 PM,27.6,27.5,27.5,48.8,-999999.0,27.5,27.5,27.8,31.9
2/14/2017 10:30:00 PM,27.6,27.5,27.5,48.8,-999999.0,27.6,27.5,27.8,32.0
2/14/2017 10:32:00 PM,27.6,27.5,27.5,48.8,-999999.0,27.6,27.5,27.8,32.0
2/14/2017 10:34:00 PM,27.6,27.5,27.5,49.0,-999999.0,27.5,27.5,27.8,32.0
2/14/2017 10:36:00 PM,27.6,27.5,27.5,48.9,-999999.0,27.5,27.5,27.8,31.9
2/14/2017 10:38:00 PM,27.6,27.5,27.4,48.8,-999999.0,27.5,27.5,27.7,31.8
2/14/2017 10:40:00 PM,27.5,27.4,27.3,48.9,-999999.0,27.4,27.4,27.7,31.7
2/14/2017 10:42:00 PM,27.5,27.4,27.3,49.1,-999999.0,27.4,27.4,27.7,31.8
2/14/2017 10:44:00 PM,27.5,27.4,27.3,48.9,-999999.0,27.4,27.4,27.7,31.7
2/14/2017 10:46:00 PM,27.4,27.4,27.3,48.9,-999999.0,27.4,27.4,27.6,31.7
2/14/2017 10:48:00 PM,27.4,27.4,27.3,48.8,-999999.0,27.4,27.4,27.6,31.7
2/14/2017 10:50:00 PM,27.4,27.3,27.3,48.8,-999999.0,27.4,27.4,27.6,31.6
2/14/2017 10:52:00 PM,27.4,27.4,27.3,48.8,-999999.0,27.4,27.4,27.6,31.7
2/14/2017 10:54:00 PM,27.4,27.4,27.3,48.8,-999999.0,27.4,27.4,27.6,31.7
2/14/2017 10:56:00 PM,27.4,27.3,27.3,48.8,-999999.0,27.4,27.4,27.6,31.7
2/14/2017 10:58:00 PM,27.4,27.3,27.3,49.0,-999999.0,27.4,27.4,27.6,31.7
2/14/2017 11:00:00 PM,27.4,27.4,27.3,49.3,-999999.0,27.4,27.4,27.7,31.8
2/14/2017 11:02:00 PM,27.4,27.4,27.3,49.3,-999999.0,27.4,27.4,27.7,31.8
2/14/2017 11:04:00 PM,27.4,27.4,27.3,49.3,-999999.0,27.4,27.4,27.7,31.8
2/14/2017 11:06:00 PM,27.4,27.4,27.3,49.5,-999999.0,27.4,27.4,27.7,31.9
2/14/2017 11:08:00 PM,27.4,27.4,27.4,49.8,-999999.0,27.4,27.4,27.7,31.9
2/14/2017 11:10:00 PM,27.4,27.4,27.4,49.9,-999999.0,27.4,27.4,27.8,32.0
2/14/2017 11:12:00 PM,27.5,27.4,27.4,49.9,-999999.0,27.4,27.4,27.8,32.0
2/14/2017 11:14:00 PM,27.5,27.4,27.4,49.8,-999999.0,27.4,27.4,27.8,31.9
2/14/2017 11:16:00 PM,27.4,27.4,27.3,49.8,-999999.0,27.4,27.4,27.7,31.9
2/14/2017 11:18:00 PM,27.4,27.4,27.3,49.8,-999999.0,27.4,27.4,27.7,31.9
2/14/2017 11:20:00 PM,27.4,27.3,27.3,49.8,-999999.0,27.4,27.4,27.7,31.9
2/14/2017 11:22:00 PM,27.4,27.3,27.3,49.8,-999999.0,27.4,27.3,27.7,31.8
2/14/2017 11:24:00 PM,27.4,27.3,27.3,49.8,-999999.0,27.3,27.3,27.7,31.8
2/14/2017 11:26:00 PM,27.4,27.3,27.3,49.8,-999999.0,27.3,27.3,27.7,31.9
2/14/2017 11:28:00 PM,27.4,27.3,27.3,49.8,-999999.0,27.3,27.3,27.7,31.9
2/14/2017 11:30:00 PM,27.4,27.3,27.3,49.8,-999999.0,27.3,27.3,27.7,31.9
2/14/2017 11:32:00 PM,27.4,27.3,27.3,49.8,-999999.0,27.3,27.3,27.7,31.9
2/14/2017 11:34:00 PM,27.4,27.3,27.3,49.8,-999999.0,27.3,27.3,27.7,31.8
2/14/2017 11:36:00 PM,27.4,27.3,27.3,49.8,-999999.0,27.3,27.3,27.7,31.8
2/14/2017 11:38:00 PM,27.4,27.3,27.2,49.8,-999999.0,27.3,27.3,27.6,31.7
2/14/2017 11:40:00 PM,27.3,27.2,27.1,49.8,-999999.0,27.2,27.2,27.5,31.6
2/14/2017 11:42:00 PM,27.3,27.2,27.1,49.8,-999999.0,27.2,27.2,27.5,31.6
2/14/2017 11:44:00 PM,27.2,27.2,27.1,49.8,-999999.0,27.2,27.2,27.5,31.6
2/14/2017 11:46:00 PM,27.2,27.2,27.1,49.8,-999999.0,27.2,27.2,27.5,31.6
2/14/2017 11:48:00 PM,27.2,27.2,27.1,49.8,-999999.0,27.2,27.2,27.5,31.6
2/14/2017 11:50:00 PM,27.2,27.2,27.1,49.8,-999999.0,27.2,27.2,27.5,31.6
2/14/2017 11:52:00 PM,27.2,27.2,27.2,49.8,-999999.0,27.2,27.2,27.6,31.7
2/14/2017 11:54:00 PM,27.2,27.2,27.2,49.8,-999999.0,27.2,27.2,27.6,31.7
2/14/2017 11:56:00 PM,27.3,27.2,27.2,49.8,-999999.0,27.2,27.2,27.6,31.7
2/14/2017 11:58:00 PM,27.3,27.2,27.2,49.8,-999999.0,27.3,27.2,27.6,31.7
2/15/2017 12:00:00 AM,27.3,27.2,27.2,49.8,-999999.0,27.3,27.2,27.6,31.7
2/15/2017 12:02:00 AM,27.3,27.2,27.2,49.8,-999999.0,27.3,27.3,27.6,31.7
2/15/2017 12:04:00 AM,27.3,27.3,27.2,49.8,-999999.0,27.3,27.3,27.6,31.7
2/15/2017 12:06:00 AM,27.3,27.3,27.2,49.8,-999999.0,27.3,27.3,27.6,31.8
2/15/2017 12:08:00 AM,27.3,27.2,27.2,49.8,-999999.0,27.3,27.3,27.6,31.7
2/15/2017 12:10:00 AM,27.3,27.2,27.2,49.8,-999999.0,27.2,27.2,27.6,31.7
2/15/2017 12:12:00 AM,27.3,27.2,27.2,49.8,-999999.0,27.2,27.2,27.6,31.6
2/15/2017 12:14:00 AM,27.3,27.2,27.1,49.8,-999999.0,27.2,27.2,27.5,31.6
2/15/2017 12:16:00 AM,27.2,27.2,27.1,49.8,-999999.0,27.2,27.2,27.5,31.6
2/15/2017 12:18:00 AM,27.3,27.3,27.2,49.8,-999999.0,27.3,27.3,27.6,31.7
2/15/2017 12:20:00 AM,27.4,27.5,27.3,49.8,-999999.0,27.5,27.5,27.7,31.8
2/15/2017 12:22:00 AM,27.6,27.7,27.4,49.9,-999999.0,27.7,27.6,27.8,32.1
2/15/2017 12:24:00 AM,27.7,27.8,27.6,49.5,-999999.0,27.8,27.8,27.9,32.2
2/15/2017 12:26:00 AM,27.9,27.9,27.7,49.4,-999999.0,27.9,27.9,28.0,32.3
2/15/2017 12:28:00 AM,28.0,27.9,27.7,49.3,-999999.0,27.9,27.9,28.1,32.4
2/15/2017 12:30:00 AM,28.0,28.0,27.8,49.1,-999999.0,28.0,28.0,28.2,32.5
2/15/2017 12:32:00 AM,28.1,28.1,27.9,48.9,-999999.0,28.1,28.1,28.2,32.6
2/15/2017 12:34:00 AM,28.2,28.1,27.9,48.9,-999999.0,28.1,28.1,28.3,32.7
2/15/2017 12:36:00 AM,28.2,28.2,28.0,48.9,-999999.0,28.2,28.2,28.4,32.8
2/15/2017 12:38:00 AM,28.2,28.2,28.1,48.9,-999999.0,28.2,28.2,28.4,32.9
2/15/2017 12:40:00 AM,28.3,28.3,28.1,48.9,-999999.0,28.3,28.3,28.5,33.0
2/15/2017 12:42:00 AM,28.3,28.3,28.2,48.6,-999999.0,28.3,28.3,28.5,33.0
2/15/2017 12:44:00 AM,28.4,28.4,28.2,48.5,-999999.0,28.4,28.3,28.6,33.1
2/15/2017 12:46:00 AM,28.4,28.4,28.3,48.4,-999999.0,28.4,28.4,28.6,33.1
2/15/2017 12:48:00 AM,28.4,28.4,28.3,48.4,-999999.0,28.4,28.4,28.6,33.2
2/15/2017 12:50:00 AM,28.5,28.5,28.3,48.4,-999999.0,28.5,28.5,28.7,33.2
2/15/2017 12:52:00 AM,28.5,28.5,28.4,48.4,-999999.0,28.5,28.5,28.7,33.3
2/15/2017 12:54:00 AM,28.5,28.5,28.4,48.4,-999999.0,28.5,28.5,28.8,33.3
2/15/2017 12:56:00 AM,28.5,28.5,28.4,48.4,-999999.0,28.5,28.5,28.8,33.4
2/15/2017 12:58:00 AM,28.6,28.6,28.5,48.4,-999999.0,28.6,28.6,28.8,33.4
2/15/2017 1:00:00 AM,28.6,28.6,28.5,48.4,-999999.0,28.6,28.6,28.9,33.5
2/15/2017 1:02:00 AM,28.6,28.7,28.5,48.0,-999999.0,28.6,28.6,28.9,33.5
2/15/2017 1:04:00 AM,28.6,28.5,28.4,48.4,-999999.0,28.6,28.5,28.8,33.4
2/15/2017 1:06:00 AM,28.2,27.1,26.9,49.0,-999999.0,27.4,27.3,27.3,31.1
2/15/2017 1:08:00 AM,27.1,25.7,25.5,51.4,-999999.0,26.1,26.0,25.5,29.4
2/15/2017 1:10:00 AM,26.0,25.0,24.7,53.2,-999999.0,25.3,25.2,24.7,28.3
2/15/2017 1:12:00 AM,25.3,25.0,24.6,57.0,-999999.0,25.1,25.0,24.6,28.9
2/15/2017 1:14:00 AM,25.1,25.4,24.9,57.3,-999999.0,25.3,25.3,24.9,29.4
2/15/2017 1:16:00 AM,25.1,24.9,24.4,56.9,-999999.0,25.0,24.9,24.4,28.6
2/15/2017 1:18:00 AM,25.0,25.1,24.6,58.0,-999999.0,25.0,25.0,24.7,29.2
2/15/2017 1:20:00 AM,25.2,25.7,25.3,56.3,-999999.0,25.6,25.6,25.3,29.8
2/15/2017 1:22:00 AM,25.4,25.1,24.8,56.5,-999999.0,25.2,25.1,24.8,29.1
2/15/2017 1:24:00 AM,25.2,24.7,24.5,57.9,-999999.0,24.9,24.8,24.5,28.9
2/15/2017 1:26:00 AM,25.0,24.9,24.5,58.0,-999999.0,24.9,24.9,24.6,29.0
2/15/2017 1:28:00 AM,24.9,24.9,24.6,58.0,-999999.0,24.9,24.9,24.6,29.0
2/15/2017 1:30:00 AM,25.0,25.1,24.7,58.1,-999999.0,25.0,25.0,24.7,29.3
2/15/2017 1:32:00 AM,25.1,25.2,24.9,57.7,-999999.0,25.2,25.1,24.9,29.4
2/15/2017 1:34:00 AM,25.3,25.7,25.0,57.3,-999999.0,25.6,25.5,25.1,29.7
2/15/2017 1:36:00 AM,25.7,26.1,25.3,56.8,-999999.0,26.0,25.9,25.4,30.0
2/15/2017 1:38:00 AM,26.1,26.4,25.6,56.1,-999999.0,26.3,26.3,25.6,30.3
2/15/2017 1:40:00 AM,26.5,26.6,25.8,55.5,-999999.0,26.6,26.5,26.0,30.6
2/15/2017 1:42:00 AM,26.8,26.8,26.1,54.8,-999999.0,26.8,26.8,26.8,30.9
2/15/2017 1:44:00 AM,27.1,27.0,26.3,54.2,-999999.0,27.1,27.0,27.0,31.2
2/15/2017 1:46:00 AM,27.3,27.2,26.6,53.7,-999999.0,27.2,27.2,27.2,31.5
2/15/2017 1:48:00 AM,27.4,27.4,26.8,53.2,-999999.0,27.4,27.3,27.4,31.7
2/15/2017 1:50:00 AM,27.6,27.5,27.0,52.9,-999999.0,27.5,27.4,27.5,31.9
2/15/2017 1:52:00 AM,27.7,27.6,27.1,52.4,-999999.0,27.6,27.6,27.7,32.1
2/15/2017 1:54:00 AM,27.8,27.7,27.3,52.1,-999999.0,27.7,27.7,27.8,32.3
2/15/2017 1:56:00 AM,27.8,27.8,27.4,51.9,-999999.0,27.8,27.7,27.9,32.4
2/15/2017 1:58:00 AM,27.9,27.8,27.5,51.8,-999999.0,27.8,27.8,28.0,32.6
2/15/2017 2:00:00 AM,27.9,27.9,27.6,51.4,-999999.0,27.9,27.9,28.1,32.7
2/15/2017 2:02:00 AM,28.0,28.0,27.7,51.4,-999999.0,28.0,27.9,28.2,32.9
2/15/2017 2:04:00 AM,28.0,28.0,27.8,51.0,-999999.0,28.0,28.0,28.3,32.9
2/15/2017 2:06:00 AM,28.1,28.0,27.9,50.9,-999999.0,28.1,28.0,28.4,33.0
2/15/2017 2:08:00 AM,28.1,28.0,27.9,51.3,-999999.0,28.1,28.0,28.4,33.1
2/15/2017 2:10:00 AM,27.8,26.7,26.5,49.7,-999999.0,27.0,26.9,26.7,30.5
2/15/2017 2:12:00 AM,26.6,25.2,25.0,53.8,-999999.0,25.6,25.5,25.0,28.9
2/15/2017 2:14:00 AM,25.7,25.2,24.9,58.4,-999999.0,25.4,25.3,25.0,29.6
2/15/2017 2:16:00 AM,25.4,25.3,24.8,58.1,-999999.0,25.3,25.3,24.9,29.5
2/15/2017 2:18:00 AM,25.2,25.0,24.6,58.0,-999999.0,25.1,25.0,24.6,29.0
2/15/2017 2:20:00 AM,25.0,24.9,24.4,58.3,-999999.0,24.9,24.9,24.5,28.9
2/15/2017 2:22:00 AM,24.9,24.8,24.4,58.5,-999999.0,24.8,24.8,24.4,28.8
2/15/2017 2:24:00 AM,24.8,24.7,24.3,58.8,-999999.0,24.7,24.7,24.3,28.7
2/15/2017 2:26:00 AM,24.7,24.7,24.3,59.0,-999999.0,24.7,24.6,24.3,28.7
2/15/2017 2:28:00 AM,24.7,24.6,24.2,59.0,-999999.0,24.6,24.6,24.2,28.6
2/15/2017 2:30:00 AM,24.6,24.5,24.2,59.0,-999999.0,24.6,24.5,24.2,28.6
2/15/2017 2:32:00 AM,24.6,24.4,24.1,59.0,-999999.0,24.5,24.4,24.1,28.5
2/15/2017 2:34:00 AM,24.5,24.4,24.1,58.9,-999999.0,24.4,24.4,24.1,28.4
2/15/2017 2:36:00 AM,24.5,24.4,24.0,58.9,-999999.0,24.4,24.4,24.1,28.4
2/15/2017 2:38:00 AM,24.5,24.5,24.2,59.1,-999999.0,24.5,24.5,24.3,28.7
2/15/2017 2:40:00 AM,24.6,24.7,24.4,57.9,-999999.0,24.7,24.7,24.4,28.7
2/15/2017 2:42:00 AM,24.7,24.7,24.4,58.0,-999999.0,24.7,24.6,24.4,28.7
2/15/2017 2:44:00 AM,24.7,24.8,24.5,57.9,-999999.0,24.8,24.8,24.5,28.9
2/15/2017 2:46:00 AM,24.9,25.2,24.7,57.5,-999999.0,25.1,25.1,24.7,29.1
2/15/2017 2:48:00 AM,25.3,25.6,24.9,56.8,-999999.0,25.5,25.5,24.9,29.3
2/15/2017 2:50:00 AM,25.7,25.9,25.1,56.2,-999999.0,25.8,25.8,25.2,29.6
2/15/2017 2:52:00 AM,26.0,26.2,25.4,55.5,-999999.0,26.1,26.1,25.4,29.9
2/15/2017 2:54:00 AM,26.3,26.4,25.6,54.8,-999999.0,26.4,26.3,25.7,30.2
2/15/2017 2:56:00 AM,26.6,26.6,25.9,54.4,-999999.0,26.6,26.5,26.0,30.5
2/15/2017 2:58:00 AM,26.8,26.7,26.1,53.8,-999999.0,26.7,26.7,26.8,30.7
2/15/2017 3:00:00 AM,26.9,26.8,26.3,53.4,-999999.0,26.9,26.8,26.9,30.9
2/15/2017 3:02:00 AM,27.1,27.0,26.5,52.9,-999999.0,27.0,26.9,27.1,31.1
2/15/2017 3:04:00 AM,27.2,27.1,26.6,52.8,-999999.0,27.1,27.1,27.2,31.4
2/15/2017 3:06:00 AM,27.3,27.2,26.8,52.6,-999999.0,27.2,27.1,27.4,31.6
2/15/2017 3:08:00 AM,27.3,27.3,26.9,52.0,-999999.0,27.3,27.2,27.4,31.7
2/15/2017 3:10:00 AM,27.4,27.3,27.0,51.8,-999999.0,27.3,27.3,27.5,31.8
2/15/2017 3:12:00 AM,27.4,27.4,27.1,51.6,-999999.0,27.4,27.4,27.6,31.9
2/15/2017 3:14:00 AM,27.5,27.4,27.2,51.3,-999999.0,27.4,27.4,27.7,32.0
2/15/2017 3:16:00 AM,27.5,27.5,27.2,51.0,-999999.0,27.5,27.5,27.7,32.0
2/15/2017 3:18:00 AM,27.5,27.6,27.3,50.9,-999999.0,27.5,27.5,27.8,32.1
2/15/2017 3:20:00 AM,27.6,27.6,27.4,50.9,-999999.0,27.6,27.6,27.8,32.2
2/15/2017 3:22:00 AM,27.6,27.6,27.4,50.8,-999999.0,27.6,27.6,27.9,32.3
2/15/2017 3:24:00 AM,27.6,27.7,27.5,50.6,-999999.0,27.7,27.7,27.9,32.3
2/15/2017 3:26:00 AM,27.7,27.7,27.5,50.4,-999999.0,27.7,27.7,28.0,32.3
2/15/2017 3:28:00 AM,27.7,27.8,27.6,50.4,-999999.0,27.7,27.7,28.0,32.4
2/15/2017 3:30:00 AM,27.7,27.8,27.6,50.4,-999999.0,27.8,27.8,28.1,32.5
2/15/2017 3:32:00 AM,27.7,27.8,27.7,50.1,-999999.0,27.8,27.8,28.1,32.5
2/15/2017 3:34:00 AM,27.8,27.9,27.7,49.9,-999999.0,27.8,27.8,28.1,32.5
2/15/2017 3:36:00 AM,27.8,27.9,27.7,49.9,-999999.0,27.8,27.8,28.1,32.6
2/15/2017 3:38:00 AM,27.8,27.9,27.7,49.9,-999999.0,27.9,27.9,28.2,32.6
2/15/2017 3:40:00 AM,27.8,27.9,27.8,49.9,-999999.0,27.9,27.9,28.2,32.6
2/15/2017 3:42:00 AM,27.9,27.9,27.8,49.9,-999999.0,27.9,27.9,28.2,32.7
2/15/2017 3:44:00 AM,27.9,28.0,27.8,49.9,-999999.0,27.9,27.9,28.2,32.7
2/15/2017 3:46:00 AM,27.9,28.0,27.9,49.9,-999999.0,28.0,28.0,28.3,32.8
2/15/2017 3:48:00 AM,27.9,28.0,27.9,49.9,-999999.0,28.0,28.0,28.3,32.8
2/15/2017 3:50:00 AM,27.9,28.0,27.9,49.9,-999999.0,28.0,28.0,28.3,32.8
2/15/2017 3:52:00 AM,27.9,28.0,27.9,49.9,-999999.0,28.0,28.0,28.3,32.9
2/15/2017 3:54:00 AM,28.0,28.1,27.9,49.8,-999999.0,28.0,28.0,28.4,32.9
2/15/2017 3:56:00 AM,28.0,28.1,28.0,49.5,-999999.0,28.0,28.0,28.4,32.9
2/15/2017 3:58:00 AM,28.0,28.1,28.0,49.4,-999999.0,28.1,28.0,28.4,32.9
2/15/2017 4:00:00 AM,28.0,28.1,28.0,49.4,-999999.0,28.1,28.1,28.4,32.9
2/15/2017 4:02:00 AM,28.0,28.1,28.0,49.4,-999999.0,28.1,28.1,28.4,32.9
2/15/2017 4:04:00 AM,28.0,28.1,28.0,49.4,-999999.0,28.1,28.1,28.4,32.9
2/15/2017 4:06:00 AM,28.0,28.1,28.0,49.4,-999999.0,28.1,28.1,28.4,33.0
2/15/2017 4:08:00 AM,28.1,28.1,28.1,49.4,-999999.0,28.1,28.1,28.5,33.0
2/15/2017 4:10:00 AM,28.1,28.2,28.1,49.4,-999999.0,28.1,28.1,28.5,33.0
2/15/2017 4:12:00 AM,28.1,28.2,28.1,49.1,-999999.0,28.2,28.1,28.4,32.9
2/15/2017 4:14:00 AM,28.1,28.2,28.1,49.0,-999999.0,28.2,28.2,28.5,33.0
2/15/2017 4:16:00 AM,28.1,28.2,28.1,49.0,-999999.0,28.2,28.2,28.5,33.0
2/15/2017 4:18:00 AM,28.1,28.2,28.1,48.9,-999999.0,28.2,28.2,28.5,33.0
2/15/2017 4:20:00 AM,28.1,28.2,28.1,48.9,-999999.0,28.2,28.2,28.5,33.0
2/15/2017 4:22:00 AM,28.1,28.2,28.1,48.9,-999999.0,28.2,28.2,28.5,33.0
2/15/2017 4:24:00 AM,28.2,28.2,28.1,48.9,-999999.0,28.2,28.2,28.5,33.0
2/15/2017 4:26:00 AM,28.2,28.3,28.2,48.9,-999999.0,28.2,28.2,28.5,33.1
2/15/2017 4:28:00 AM,28.2,28.3,28.2,48.9,-999999.0,28.2,28.2,28.6,33.1
2/15/2017 4:30:00 AM,28.2,28.3,28.2,48.9,-999999.0,28.2,28.3,28.6,33.1
2/15/2017 4:32:00 AM,28.2,28.3,28.2,48.9,-999999.0,28.3,28.3,28.6,33.1
2/15/2017 4:34:00 AM,28.2,28.3,28.2,48.9,-999999.0,28.3,28.3,28.6,33.1
2/15/2017 4:36:00 AM,28.2,28.3,28.2,48.9,-999999.0,28.3,28.3,28.6,33.1
2/15/2017 4:38:00 AM,28.2,28.3,28.2,48.9,-999999.0,28.3,28.3,28.6,33.2
2/15/2017 4:40:00 AM,28.2,28.3,28.2,48.9,-999999.0,28.3,28.3,28.6,33.2
2/15/2017 4:42:00 AM,28.2,28.3,28.3,48.9,-999999.0,28.3,28.3,28.6,33.2
2/15/2017 4:44:00 AM,28.3,28.3,28.3,48.9,-999999.0,28.3,28.3,28.7,33.2
2/15/2017 4:46:00 AM,28.3,28.4,28.3,48.9,-999999.0,28.3,28.3,28.7,33.2
2/15/2017 4:48:00 AM,28.3,28.4,28.3,48.9,-999999.0,28.3,28.3,28.7,33.3
2/15/2017 4:50:00 AM,28.3,28.4,28.3,48.9,-999999.0,28.3,28.3,28.7,33.3
2/15/2017 4:52:00 AM,28.3,28.4,28.3,48.9,-999999.0,28.4,28.4,28.7,33.3
2/15/2017 4:54:00 AM,28.3,28.4,28.3,48.9,-999999.0,28.4,28.4,28.7,33.3
2/15/2017 4:56:00 AM,28.3,28.4,28.3,48.9,-999999.0,28.4,28.4,28.7,33.3
2/15/2017 4:58:00 AM,28.3,28.4,28.3,48.9,-999999.0,28.4,28.4,28.7,33.3
2/15/2017 5:00:00 AM,28.3,28.4,28.3,48.6,-999999.0,28.4,28.4,28.7,33.3
2/15/2017 5:02:00 AM,28.3,28.4,28.3,48.6,-999999.0,28.4,28.4,28.7,33.3
2/15/2017 5:04:00 AM,28.3,28.4,28.3,48.6,-999999.0,28.4,28.4,28.7,33.3
2/15/2017 5:06:00 AM,28.3,28.4,28.3,48.4,-999999.0,28.4,28.4,28.7,33.2
2/15/2017 5:08:00 AM,28.4,28.4,28.4,48.4,-999999.0,28.4,28.4,28.7,33.3
2/15/2017 5:10:00 AM,28.4,28.4,28.4,48.4,-999999.0,28.4,28.4,28.7,33.3
2/15/2017 5:12:00 AM,28.4,28.4,28.4,48.4,-999999.0,28.4,28.4,28.7,33.3
2/15/2017 5:14:00 AM,28.4,28.5,28.4,48.4,-999999.0,28.4,28.4,28.7,33.3
2/15/2017 5:16:00 AM,28.4,28.5,28.4,48.4,-999999.0,28.4,28.4,28.7,33.3
2/15/2017 5:18:00 AM,28.4,28.5,28.4,48.4,-999999.0,28.4,28.4,28.8,33.3
2/15/2017 5:20:00 AM,28.4,28.5,28.4,48.4,-999999.0,28.4,28.4,28.8,33.3
2/15/2017 5:22:00 AM,28.4,28.5,28.4,48.4,-999999.0,28.5,28.5,28.8,33.4
2/15/2017 5:24:00 AM,28.4,28.5,28.4,48.4,-999999.0,28.5,28.5,28.8,33.4
2/15/2017 5:26:00 AM,28.4,28.5,28.4,48.4,-999999.0,28.5,28.5,28.8,33.4
2/15/2017 5:28:00 AM,28.4,28.5,28.4,48.4,-999999.0,28.5,28.5,28.8,33.4
2/15/2017 5:30:00 AM,28.4,28.5,28.4,48.4,-999999.0,28.5,28.5,28.8,33.4
2/15/2017 5:32:00 AM,28.4,28.5,28.4,48.3,-999999.0,28.5,28.5,28.8,33.4
2/15/2017 5:34:00 AM,28.4,28.5,28.5,48.1,-999999.0,28.5,28.5,28.8,33.4
2/15/2017 5:36:00 AM,28.4,28.5,28.5,48.1,-999999.0,28.5,28.5,28.8,33.3
2/15/2017 5:38:00 AM,28.4,28.5,28.5,48.0,-999999.0,28.5,28.5,28.8,33.3
2/15/2017 5:40:00 AM,28.4,28.5,28.5,47.9,-999999.0,28.5,28.5,28.8,33.3
2/15/2017 5:42:00 AM,28.5,28.5,28.5,47.9,-999999.0,28.5,28.5,28.8,33.3
2/15/2017 5:44:00 AM,28.5,28.5,28.5,47.9,-999999.0,28.5,28.5,28.8,33.3
2/15/2017 5:46:00 AM,28.5,28.5,28.5,47.9,-999999.0,28.5,28.5,28.8,33.4
2/15/2017 5:48:00 AM,28.5,28.5,28.5,47.9,-999999.0,28.5,28.5,28.8,33.4
2/15/2017 5:50:00 AM,28.5,28.5,28.5,47.9,-999999.0,28.5,28.5,28.8,33.4
2/15/2017 5:52:00 AM,28.5,28.6,28.5,47.9,-999999.0,28.5,28.5,28.8,33.4
2/15/2017 5:54:00 AM,28.5,28.6,28.5,47.9,-999999.0,28.5,28.5,28.8,33.4
2/15/2017 5:56:00 AM,28.5,28.6,28.5,47.9,-999999.0,28.5,28.5,28.8,33.4
2/15/2017 5:58:00 AM,28.5,28.6,28.5,47.9,-999999.0,28.5,28.5,28.8,33.4
2/15/2017 6:00:00 AM,28.5,28.6,28.5,47.9,-999999.0,28.5,28.6,28.8,33.4
2/15/2017 6:02:00 AM,28.5,28.6,28.5,47.9,-999999.0,28.6,28.6,28.9,33.4
2/15/2017 6:04:00 AM,28.5,28.6,28.5,47.9,-999999.0,28.6,28.6,28.9,33.4
2/15/2017 6:06:00 AM,28.5,28.6,28.5,47.9,-999999.0,28.6,28.6,28.9,33.4
2/15/2017 6:08:00 AM,28.5,28.6,28.5,47.9,-999999.0,28.6,28.6,28.9,33.4
2/15/2017 6:10:00 AM,28.5,28.6,28.5,47.9,-999999.0,28.6,28.6,28.9,33.4
2/15/2017 6:12:00 AM,28.5,28.6,28.5,47.9,-999999.0,28.6,28.6,28.9,33.4
2/15/2017 6:14:00 AM,28.5,28.6,28.5,47.9,-999999.0,28.6,28.6,28.9,33.5
2/15/2017 6:16:00 AM,28.5,28.6,28.5,47.9,-999999.0,28.6,28.6,28.9,33.4
2/15/2017 6:18:00 AM,28.5,28.6,28.5,47.9,-999999.0,28.6,28.6,28.9,33.5
2/15/2017 6:20:00 AM,28.5,28.6,28.6,47.9,-999999.0,28.6,28.6,28.9,33.5
2/15/2017 6:22:00 AM,28.5,28.6,28.6,47.9,-999999.0,28.6,28.6,28.9,33.5
2/15/2017 6:24:00 AM,28.5,28.6,28.6,47.9,-999999.0,28.6,28.6,28.9,33.5
2/15/2017 6:26:00 AM,28.5,28.6,28.6,47.9,-999999.0,28.6,28.6,28.9,33.5
2/15/2017 6:28:00 AM,28.6,28.6,28.6,47.9,-999999.0,28.6,28.6,28.9,33.5
2/15/2017 6:30:00 AM,28.6,28.6,28.6,47.9,-999999.0,28.6,28.6,28.9,33.5
2/15/2017 6:32:00 AM,28.6,28.6,28.6,47.9,-999999.0,28.6,28.6,28.9,33.5
2/15/2017 6:34:00 AM,28.6,28.6,28.6,47.9,-999999.0,28.6,28.6,28.9,33.5
2/15/2017 6:36:00 AM,28.6,28.6,28.6,47.9,-999999.0,28.6,28.6,28.9,33.5
2/15/2017 6:38:00 AM,28.6,28.7,28.6,47.9,-999999.0,28.6,28.6,28.9,33.5
2/15/2017 6:40:00 AM,28.6,28.7,28.6,47.9,-999999.0,28.6,28.6,29.0,33.6
2/15/2017 6:42:00 AM,28.6,28.7,28.6,47.9,-999999.0,28.6,28.6,29.0,33.6
2/15/2017 6:44:00 AM,28.6,28.7,28.6,47.9,-999999.0,28.6,28.6,29.0,33.6
2/15/2017 6:46:00 AM,28.6,28.7,28.6,47.9,-999999.0,28.6,28.6,29.0,33.6
2/15/2017 6:48:00 AM,28.6,28.7,28.6,47.9,-999999.0,28.6,28.6,29.0,33.6
2/15/2017 6:50:00 AM,28.6,28.7,28.6,47.9,-999999.0,28.6,28.7,29.0,33.6
2/15/2017 6:52:00 AM,28.6,28.7,28.6,47.9,-999999.0,28.6,28.7,29.0,33.6
2/15/2017 6:54:00 AM,28.6,28.7,28.6,47.9,-999999.0,28.7,28.7,29.0,33.6
2/15/2017 6:56:00 AM,28.6,28.7,28.6,47.9,-999999.0,28.7,28.7,29.0,33.6
2/15/2017 6:58:00 AM,28.6,28.7,28.6,47.9,-999999.0,28.7,28.7,29.0,33.6
2/15/2017 7:00:00 AM,28.6,28.7,28.6,47.9,-999999.0,28.7,28.7,29.0,33.6
2/15/2017 7:02:00 AM,28.6,28.7,28.6,47.8,-999999.0,28.7,28.7,29.0,33.6
2/15/2017 7:04:00 AM,28.6,28.7,28.7,47.9,-999999.0,28.7,28.7,29.0,33.6
2/15/2017 7:06:00 AM,28.6,28.7,28.6,47.9,-999999.0,28.7,28.7,29.0,33.6
2/15/2017 7:08:00 AM,28.6,28.7,28.7,47.8,-999999.0,28.7,28.7,29.0,33.6
2/15/2017 7:10:00 AM,28.6,28.7,28.7,47.8,-999999.0,28.7,28.7,29.0,33.6
2/15/2017 7:12:00 AM,28.6,28.7,28.7,47.6,-999999.0,28.7,28.7,29.0,33.6
2/15/2017 7:14:00 AM,28.6,28.7,28.7,47.6,-999999.0,28.7,28.7,29.0,33.6
2/15/2017 7:16:00 AM,28.6,28.7,28.7,47.5,-999999.0,28.7,28.7,29.0,33.6
2/15/2017 7:18:00 AM,28.6,28.7,28.7,47.6,-999999.0,28.7,28.7,29.0,33.6
2/15/2017 7:20:00 AM,28.6,28.7,28.7,47.6,-999999.0,28.7,28.7,29.0,33.6
2/15/2017 7:22:00 AM,28.6,28.7,28.7,47.5,-999999.0,28.7,28.7,29.0,33.6
2/15/2017 7:24:00 AM,28.6,28.7,28.7,47.5,-999999.0,28.7,28.7,29.0,33.6
2/15/2017 7:26:00 AM,28.7,28.7,28.7,47.5,-999999.0,28.7,28.7,29.0,33.6
2/15/2017 7:28:00 AM,28.7,28.7,28.7,47.4,-999999.0,28.7,28.7,29.0,33.6
2/15/2017 7:30:00 AM,28.7,28.7,28.7,47.4,-999999.0,28.7,28.7,29.0,33.6
2/15/2017 7:32:00 AM,28.7,28.7,28.7,47.4,-999999.0,28.7,28.7,29.0,33.6
2/15/2017 7:34:00 AM,28.7,28.7,28.7,47.4,-999999.0,28.7,28.7,29.0,33.6
2/15/2017 7:36:00 AM,28.7,28.7,28.7,47.4,-999999.0,28.7,28.7,29.0,33.6
2/15/2017 7:38:00 AM,28.7,28.7,28.7,47.4,-999999.0,28.7,28.7,29.0,33.6
2/15/2017 7:40:00 AM,28.7,28.8,28.7,47.4,-999999.0,28.7,28.7,29.0,33.6
2/15/2017 7:42:00 AM,28.7,28.8,28.7,47.4,-999999.0,28.7,28.7,29.0,33.6
2/15/2017 7:44:00 AM,28.7,28.8,28.7,47.4,-999999.0,28.7,28.7,29.0,33.6
2/15/2017 7:46:00 AM,28.7,28.8,28.7,47.4,-999999.0,28.7,28.7,29.0,33.6
2/15/2017 7:48:00 AM,28.7,28.8,28.7,47.4,-999999.0,28.7,28.7,29.0,33.6
2/15/2017 7:50:00 AM,28.7,28.8,28.7,47.4,-999999.0,28.7,28.8,29.0,33.6
2/15/2017 7:52:00 AM,28.7,28.8,28.7,47.4,-999999.0,28.8,28.8,29.0,33.6
2/15/2017 7:54:00 AM,28.7,28.8,28.7,47.4,-999999.0,28.8,28.8,29.0,33.7
2/15/2017 7:56:00 AM,28.7,28.8,28.7,47.4,-999999.0,28.8,28.8,29.0,33.6
2/15/2017 7:58:00 AM,28.7,28.8,28.7,47.4,-999999.0,28.8,28.8,29.0,33.7
2/15/2017 8:00:00 AM,28.7,28.8,28.7,47.4,-999999.0,28.8,28.8,29.0,33.7
2/15/2017 8:02:00 AM,28.7,28.8,28.7,47.4,-999999.0,28.8,28.8,29.1,33.7
2/15/2017 8:04:00 AM,28.7,28.8,28.7,47.4,-999999.0,28.8,28.8,29.1,33.7
2/15/2017 8:06:00 AM,28.7,28.8,28.8,47.4,-999999.0,28.8,28.8,29.1,33.7
2/15/2017 8:08:00 AM,28.7,28.8,28.8,47.4,-999999.0,28.8,28.8,29.1,33.7
2/15/2017 8:10:00 AM,28.7,28.8,28.8,47.4,-999999.0,28.8,28.8,29.1,33.7
2/15/2017 8:12:00 AM,28.7,28.8,28.8,47.4,-999999.0,28.8,28.8,29.1,33.7
2/15/2017 8:14:00 AM,28.7,28.8,28.8,47.4,-999999.0,28.8,28.8,29.1,33.7
2/15/2017 8:16:00 AM,28.7,28.8,28.8,47.4,-999999.0,28.8,28.8,29.1,33.7
2/15/2017 8:18:00 AM,28.8,28.8,28.8,47.4,-999999.0,28.8,28.8,29.1,33.7
2/15/2017 8:20:00 AM,28.8,28.8,28.8,47.4,-999999.0,28.8,28.8,29.1,33.7
2/15/2017 8:22:00 AM,28.8,28.8,28.8,47.4,-999999.0,28.8,28.8,29.1,33.7
2/15/2017 8:24:00 AM,28.8,28.8,28.8,47.4,-999999.0,28.8,28.8,29.1,33.7
2/15/2017 8:26:00 AM,28.8,28.8,28.8,47.5,-999999.0,28.8,28.8,29.1,33.7
2/15/2017 8:28:00 AM,28.8,28.9,28.8,47.5,-999999.0,28.8,28.8,29.1,33.7
2/15/2017 8:30:00 AM,28.8,28.9,28.8,47.4,-999999.0,28.8,28.8,29.1,33.8
2/15/2017 8:32:00 AM,28.8,28.9,28.8,47.5,-999999.0,28.8,28.8,29.1,33.8
2/15/2017 8:34:00 AM,28.8,28.9,28.8,47.5,-999999.0,28.8,28.8,29.1,33.8
2/15/2017 8:36:00 AM,28.8,28.9,28.8,47.5,-999999.0,28.9,28.9,29.1,33.8
2/15/2017 8:38:00 AM,28.8,28.9,28.8,47.5,-999999.0,28.9,28.9,29.1,33.8
2/15/2017 8:40:00 AM,28.8,28.9,28.8,47.5,-999999.0,28.9,28.9,29.2,33.8
2/15/2017 8:42:00 AM,28.8,28.9,28.8,47.5,-999999.0,28.9,28.9,29.2,33.8
2/15/2017 8:44:00 AM,28.8,28.9,28.8,47.5,-999999.0,28.9,28.9,29.2,33.8
2/15/2017 8:46:00 AM,28.8,28.9,28.9,47.5,-999999.0,28.9,28.9,29.2,33.9
2/15/2017 8:48:00 AM,28.8,28.9,28.9,47.5,-999999.0,28.9,28.9,29.2,33.9
2/15/2017 8:50:00 AM,28.8,28.9,28.9,47.5,-999999.0,28.9,28.9,29.2,33.9
2/15/2017 8:52:00 AM,28.9,28.9,28.9,47.5,-999999.0,28.9,28.9,29.2,33.9
2/15/2017 8:54:00 AM,28.9,28.9,28.9,47.5,-999999.0,28.9,28.9,29.2,33.9
2/15/2017 8:56:00 AM,28.9,28.9,28.9,47.5,-999999.0,28.9,28.9,29.2,33.9
2/15/2017 8:58:00 AM,28.9,28.9,28.9,47.5,-999999.0,28.9,28.9,29.2,33.9
2/15/2017 9:00:00 AM,28.9,29.0,28.9,47.5,-999999.0,28.9,28.9,29.2,33.9
2/15/2017 9:02:00 AM,28.9,29.0,28.9,47.5,-999999.0,28.9,28.9,29.2,33.9
2/15/2017 9:04:00 AM,28.9,29.0,28.9,47.5,-999999.0,28.9,28.9,29.2,33.9
2/15/2017 9:06:00 AM,28.9,29.0,28.9,47.5,-999999.0,29.0,29.0,29.3,34.0
2/15/2017 9:08:00 AM,28.9,29.0,28.9,47.5,-999999.0,29.0,29.0,29.3,34.0
2/15/2017 9:10:00 AM,28.9,29.0,28.9,47.5,-999999.0,29.0,29.0,29.3,34.0
2/15/2017 9:12:00 AM,28.9,29.0,28.9,47.5,-999999.0,29.0,29.0,29.3,34.0
2/15/2017 9:14:00 AM,29.0,29.0,28.9,47.5,-999999.0,29.0,29.0,29.3,34.0
2/15/2017 9:16:00 AM,29.0,29.0,29.0,47.9,-999999.0,29.0,29.0,29.4,34.1
2/15/2017 9:18:00 AM,29.0,29.2,29.0,49.5,-999999.0,29.1,29.1,29.6,34.6
2/15/2017 9:20:00 AM,29.1,29.2,29.1,48.7,-999999.0,29.1,29.1,29.6,34.5
2/15/2017 9:22:00 AM,29.1,29.1,29.1,47.9,-999999.0,29.1,29.1,29.5,34.3
2/15/2017 9:24:00 AM,29.1,29.1,29.1,47.5,-999999.0,29.1,29.1,29.5,34.2
2/15/2017 9:26:00 AM,29.1,29.1,29.1,47.5,-999999.0,29.1,29.1,29.5,34.2
2/15/2017 9:28:00 AM,29.1,29.1,29.1,47.5,-999999.0,29.1,29.1,29.5,34.3
2/15/2017 9:30:00 AM,29.1,29.2,29.1,47.5,-999999.0,29.1,29.1,29.5,34.2
2/15/2017 9:32:00 AM,29.1,29.2,29.1,47.5,-999999.0,29.1,29.1,29.5,34.3
2/15/2017 9:34:00 AM,29.1,29.2,29.1,47.5,-999999.0,29.1,29.1,29.5,34.3
2/15/2017 9:36:00 AM,29.1,29.2,29.1,47.5,-999999.0,29.1,29.2,29.5,34.3
2/15/2017 9:38:00 AM,29.1,29.2,29.1,47.0,-999999.0,29.1,29.2,29.5,34.2
2/15/2017 9:40:00 AM,29.1,29.1,29.1,46.8,-999999.0,29.1,29.1,29.4,34.1
2/15/2017 9:42:00 AM,29.1,29.1,29.1,46.8,-999999.0,29.1,29.1,29.4,34.1
2/15/2017 9:44:00 AM,29.0,29.1,29.1,46.9,-999999.0,29.1,29.1,29.4,34.1
2/15/2017 9:46:00 AM,29.0,29.1,29.1,46.8,-999999.0,29.1,29.1,29.4,34.1
2/15/2017 9:48:00 AM,29.0,29.1,29.1,47.0,-999999.0,29.1,29.1,29.4,34.1
2/15/2017 9:50:00 AM,29.0,29.2,29.1,47.0,-999999.0,29.1,29.1,29.4,34.1
2/15/2017 9:52:00 AM,29.1,29.2,29.1,47.0,-999999.0,29.1,29.2,29.4,34.1
2/15/2017 9:54:00 AM,29.1,29.2,29.1,47.0,-999999.0,29.2,29.2,29.4,34.2
2/15/2017 9:56:00 AM,29.1,29.3,29.1,47.0,-999999.0,29.2,29.2,29.5,34.2
2/15/2017 9:58:00 AM,29.1,29.3,29.2,47.0,-999999.0,29.2,29.2,29.5,34.2
2/15/2017 10:00:00 AM,29.2,29.3,29.2,47.0,-999999.0,29.3,29.3,29.5,34.3
2/15/2017 10:02:00 AM,29.2,29.3,29.2,47.0,-999999.0,29.3,29.3,29.5,34.3
2/15/2017 10:04:00 AM,29.2,29.3,29.2,46.9,-999999.0,29.3,29.3,29.6,34.3
2/15/2017 10:06:00 AM,29.2,29.4,29.2,46.8,-999999.0,29.3,29.3,29.6,34.3
2/15/2017 10:08:00 AM,29.2,29.4,29.3,46.6,-999999.0,29.3,29.3,29.6,34.3
2/15/2017 10:10:00 AM,29.2,29.4,29.3,46.5,-999999.0,29.3,29.3,29.6,34.3
2/15/2017 10:12:00 AM,29.2,29.4,29.3,46.5,-999999.0,29.4,29.4,29.6,34.3
2/15/2017 10:14:00 AM,29.3,29.4,29.3,46.5,-999999.0,29.4,29.4,29.6,34.3
2/15/2017 10:16:00 AM,29.3,29.4,29.3,46.5,-999999.0,29.4,29.4,29.6,34.4
2/15/2017 10:18:00 AM,29.3,29.5,29.3,46.5,-999999.0,29.4,29.4,29.6,34.4
2/15/2017 10:20:00 AM,29.3,29.5,29.3,46.5,-999999.0,29.4,29.4,29.7,34.4
2/15/2017 10:22:00 AM,29.3,29.5,29.3,46.3,-999999.0,29.4,29.4,29.6,34.4
2/15/2017 10:24:00 AM,29.3,29.5,29.4,46.1,-999999.0,29.4,29.4,29.6,34.4
2/15/2017 10:26:00 AM,29.3,29.5,29.4,46.0,-999999.0,29.5,29.5,29.6,34.3
2/15/2017 10:28:00 AM,29.3,29.5,29.4,46.0,-999999.0,29.5,29.5,29.7,34.4
2/15/2017 10:30:00 AM,29.3,29.5,29.4,46.0,-999999.0,29.5,29.5,29.7,34.4
2/15/2017 10:32:00 AM,29.3,29.5,29.4,46.0,-999999.0,29.5,29.5,29.7,34.4
2/15/2017 10:34:00 AM,29.4,29.6,29.4,46.0,-999999.0,29.5,29.5,29.7,34.4
2/15/2017 10:36:00 AM,29.4,29.6,29.4,46.0,-999999.0,29.5,29.5,29.7,34.4
2/15/2017 10:38:00 AM,29.4,29.6,29.4,46.0,-999999.0,29.5,29.5,29.7,34.4
2/15/2017 10:40:00 AM,29.4,29.6,29.4,46.0,-999999.0,29.5,29.5,29.7,34.5
2/15/2017 10:42:00 AM,29.4,29.6,29.5,46.0,-999999.0,29.5,29.5,29.7,34.5
2/15/2017 10:44:00 AM,29.4,29.6,29.5,46.0,-999999.0,29.5,29.6,29.8,34.5
2/15/2017 10:46:00 AM,29.4,29.6,29.5,46.0,-999999.0,29.5,29.6,29.8,34.5
2/15/2017 10:48:00 AM,29.4,29.6,29.5,46.0,-999999.0,29.6,29.6,29.8,34.5
2/15/2017 10:50:00 AM,29.4,29.6,29.5,46.0,-999999.0,29.6,29.6,29.8,34.5
2/15/2017 10:52:00 AM,29.4,29.6,29.5,46.0,-999999.0,29.6,29.6,29.8,34.6
2/15/2017 10:54:00 AM,29.4,29.6,29.5,46.0,-999999.0,29.6,29.6,29.8,34.6
2/15/2017 10:56:00 AM,29.4,29.7,29.5,46.0,-999999.0,29.6,29.6,29.8,34.6
2/15/2017 10:58:00 AM,29.4,29.7,29.5,46.0,-999999.0,29.6,29.6,29.8,34.6
2/15/2017 11:00:00 AM,29.4,29.7,29.5,46.0,-999999.0,29.6,29.6,29.8,34.6
2/15/2017 11:02:00 AM,29.5,29.7,29.5,46.0,-999999.0,29.6,29.6,29.8,34.6
2/15/2017 11:04:00 AM,29.5,29.7,29.5,46.0,-999999.0,29.6,29.6,29.9,34.6
2/15/2017 11:06:00 AM,29.5,29.7,29.5,45.9,-999999.0,29.6,29.6,29.9,34.6
2/15/2017 11:08:00 AM,29.5,29.7,29.6,45.9,-999999.0,29.6,29.6,29.9,34.6
2/15/2017 11:10:00 AM,29.5,29.7,29.6,45.8,-999999.0,29.6,29.6,29.9,34.6
2/15/2017 11:12:00 AM,29.5,29.7,29.6,45.9,-999999.0,29.6,29.7,29.9,34.7
2/15/2017 11:14:00 AM,29.5,29.7,29.6,45.5,-999999.0,29.6,29.7,29.8,34.6
2/15/2017 11:16:00 AM,29.5,29.7,29.6,45.6,-999999.0,29.6,29.6,29.9,34.6
2/15/2017 11:18:00 AM,29.5,29.7,29.6,45.5,-999999.0,29.6,29.6,29.8,34.6
2/15/2017 11:20:00 AM,29.5,29.7,29.6,45.5,-999999.0,29.6,29.7,29.8,34.6
2/15/2017 11:22:00 AM,29.5,29.7,29.6,45.5,-999999.0,29.6,29.7,29.8,34.6
2/15/2017 11:24:00 AM,29.5,29.7,29.6,45.5,-999999.0,29.6,29.7,29.9,34.6
2/15/2017 11:26:00 AM,29.5,29.7,29.6,45.5,-999999.0,29.7,29.7,29.8,34.6
2/15/2017 11:28:00 AM,29.5,29.7,29.6,45.7,-999999.0,29.7,29.7,29.9,34.6
2/15/2017 11:30:00 AM,29.5,29.7,29.6,45.9,-999999.0,29.7,29.7,29.9,34.7
2/15/2017 11:32:00 AM,29.5,29.7,29.6,46.0,-999999.0,29.7,29.7,29.9,34.7
2/15/2017 11:34:00 AM,29.5,29.7,29.6,46.0,-999999.0,29.6,29.6,30.0,34.8
2/15/2017 11:36:00 AM,29.5,29.7,29.6,46.0,-999999.0,29.6,29.6,29.9,34.7
2/15/2017 11:38:00 AM,29.5,29.6,29.6,46.0,-999999.0,29.6,29.6,29.9,34.7
2/15/2017 11:40:00 AM,29.5,29.6,29.6,46.0,-999999.0,29.6,29.6,29.9,34.7
2/15/2017 11:42:00 AM,29.5,29.6,29.6,46.0,-999999.0,29.6,29.6,29.9,34.7
2/15/2017 11:44:00 AM,29.5,29.6,29.6,46.0,-999999.0,29.6,29.6,29.9,34.7
2/15/2017 11:46:00 AM,29.5,29.6,29.6,46.0,-999999.0,29.6,29.6,29.9,34.7
2/15/2017 11:48:00 AM,29.5,29.6,29.6,46.1,-999999.0,29.6,29.6,29.9,34.7
2/15/2017 11:50:00 AM,29.5,29.6,29.6,46.5,-999999.0,29.6,29.6,30.0,34.8
2/15/2017 11:52:00 AM,29.5,29.6,29.6,46.5,-999999.0,29.6,29.6,30.0,34.8
2/15/2017 11:54:00 AM,29.5,29.6,29.6,46.5,-999999.0,29.6,29.6,30.0,34.8
2/15/2017 11:56:00 AM,29.5,29.6,29.6,46.5,-999999.0,29.6,29.6,30.0,34.8
2/15/2017 11:58:00 AM,29.5,29.6,29.6,46.5,-999999.0,29.6,29.6,30.0,34.8
2/15/2017 12:00:00 PM,29.5,29.6,29.6,46.5,-999999.0,29.6,29.6,30.0,34.8
2/15/2017 12:02:00 PM,29.5,29.6,29.6,46.8,-999999.0,29.6,29.6,30.0,34.8
2/15/2017 12:04:00 PM,29.5,29.6,29.6,47.0,-999999.0,29.6,29.6,30.0,34.9
2/15/2017 12:06:00 PM,29.5,29.6,29.6,46.6,-999999.0,29.6,29.6,30.0,34.8
2/15/2017 12:08:00 PM,29.5,29.6,29.6,46.9,-999999.0,29.6,29.6,30.0,34.9
2/15/2017 12:10:00 PM,29.5,29.6,29.6,46.8,-999999.0,29.6,29.6,30.0,34.9
2/15/2017 12:12:00 PM,29.5,29.6,29.6,47.0,-999999.0,29.6,29.6,30.0,34.9
2/15/2017 12:14:00 PM,29.5,29.6,29.6,47.0,-999999.0,29.6,29.6,30.0,34.9
2/15/2017 12:16:00 PM,29.5,29.6,29.6,47.0,-999999.0,29.6,29.6,30.0,34.9
2/15/2017 12:18:00 PM,29.5,29.6,29.6,47.0,-999999.0,29.6,29.6,30.0,34.9
2/15/2017 12:20:00 PM,29.5,29.6,29.6,47.0,-999999.0,29.6,29.6,30.0,34.9
2/15/2017 12:22:00 PM,29.5,29.6,29.6,47.0,-999999.0,29.6,29.6,30.0,34.9
2/15/2017 12:24:00 PM,29.5,29.6,29.6,47.0,-999999.0,29.6,29.6,30.0,34.9
2/15/2017 12:26:00 PM,29.5,29.6,29.5,47.0,-999999.0,29.6,29.6,30.0,34.9
2/15/2017 12:28:00 PM,29.5,29.6,29.6,47.0,-999999.0,29.6,29.6,30.0,34.9
2/15/2017 12:30:00 PM,29.5,29.6,29.6,47.0,-999999.0,29.6,29.6,30.0,34.9
2/15/2017 12:32:00 PM,29.5,29.6,29.6,47.0,-999999.0,29.6,29.6,30.0,34.9
2/15/2017 12:34:00 PM,29.5,29.6,29.6,47.0,-999999.0,29.6,29.6,30.0,34.9
2/15/2017 12:36:00 PM,29.5,29.6,29.6,47.0,-999999.0,29.6,29.6,30.0,34.9
2/15/2017 12:38:00 PM,29.5,29.6,29.6,47.0,-999999.0,29.6,29.6,30.0,34.9
2/15/2017 12:40:00 PM,29.5,29.6,29.6,47.0,-999999.0,29.6,29.6,30.0,34.9
2/15/2017 12:42:00 PM,29.5,29.6,29.6,47.0,-999999.0,29.6,29.6,30.0,34.9
2/15/2017 12:44:00 PM,29.5,29.6,29.6,47.0,-999999.0,29.6,29.6,30.0,34.9
2/15/2017 12:46:00 PM,29.5,29.6,29.6,47.0,-999999.0,29.6,29.6,30.0,34.9
2/15/2017 12:48:00 PM,29.5,29.7,29.6,47.0,-999999.0,29.6,29.6,30.0,34.9
2/15/2017 12:50:00 PM,29.5,29.7,29.6,47.0,-999999.0,29.6,29.6,30.0,34.9
2/15/2017 12:52:00 PM,29.5,29.7,29.6,47.0,-999999.0,29.6,29.6,30.1,35.0
2/15/2017 12:54:00 PM,29.5,29.7,29.6,47.0,-999999.0,29.6,29.6,30.0,34.9
2/15/2017 12:56:00 PM,29.5,29.7,29.6,47.0,-999999.0,29.6,29.6,30.1,35.0
2/15/2017 12:58:00 PM,29.5,29.7,29.6,47.0,-999999.0,29.6,29.6,30.1,35.0
2/15/2017 1:00:00 PM,29.5,29.7,29.6,47.0,-999999.0,29.6,29.6,30.1,35.0
2/15/2017 1:02:00 PM,29.5,29.7,29.6,47.0,-999999.0,29.6,29.6,30.1,35.0
2/15/2017 1:04:00 PM,29.5,29.7,29.6,47.0,-999999.0,29.6,29.6,30.1,35.0
2/15/2017 1:06:00 PM,29.5,29.7,29.6,46.6,-999999.0,29.6,29.6,30.0,34.8
2/15/2017 1:08:00 PM,29.5,29.7,29.6,46.9,-999999.0,29.6,29.6,30.0,34.9
2/15/2017 1:10:00 PM,29.5,29.7,29.6,46.5,-999999.0,29.6,29.6,30.0,34.8
2/15/2017 1:12:00 PM,29.5,29.6,29.6,46.9,-999999.0,29.6,29.6,30.0,34.9
2/15/2017 1:14:00 PM,29.5,29.6,29.5,47.0,-999999.0,29.6,29.6,30.0,34.8
2/15/2017 1:16:00 PM,29.5,29.6,29.5,47.0,-999999.0,29.6,29.6,29.9,34.8
2/15/2017 1:18:00 PM,29.5,29.6,29.5,47.0,-999999.0,29.6,29.6,29.9,34.8
2/15/2017 1:20:00 PM,29.5,29.6,29.5,47.0,-999999.0,29.6,29.6,29.9,34.8
2/15/2017 1:22:00 PM,29.4,29.6,29.5,47.0,-999999.0,29.5,29.5,29.9,34.7
2/15/2017 1:24:00 PM,29.4,29.6,29.4,47.0,-999999.0,29.5,29.5,29.9,34.7
2/15/2017 1:26:00 PM,29.4,29.6,29.5,47.0,-999999.0,29.5,29.5,29.9,34.7
2/15/2017 1:28:00 PM,29.4,29.6,29.4,47.0,-999999.0,29.5,29.5,29.9,34.7
2/15/2017 1:30:00 PM,29.4,29.6,29.5,47.0,-999999.0,29.5,29.6,29.9,34.7
2/15/2017 1:32:00 PM,29.4,29.6,29.5,47.0,-999999.0,29.6,29.6,29.9,34.8
2/15/2017 1:34:00 PM,29.5,29.6,29.5,47.0,-999999.0,29.6,29.6,29.9,34.8
2/15/2017 1:36:00 PM,29.5,29.6,29.5,47.0,-999999.0,29.6,29.6,29.9,34.8
2/15/2017 1:38:00 PM,29.5,29.6,29.5,47.0,-999999.0,29.6,29.6,29.9,34.8
2/15/2017 1:40:00 PM,29.5,29.6,29.5,47.0,-999999.0,29.6,29.6,30.0,34.8
2/15/2017 1:42:00 PM,29.5,29.6,29.5,47.0,-999999.0,29.6,29.6,30.0,34.8
2/15/2017 1:44:00 PM,29.5,29.6,29.5,47.0,-999999.0,29.6,29.6,30.0,34.9
2/15/2017 1:46:00 PM,29.5,29.6,29.5,47.0,-999999.0,29.6,29.6,30.0,34.9
2/15/2017 1:48:00 PM,29.5,29.6,29.5,47.1,-999999.0,29.6,29.6,30.0,34.9
2/15/2017 1:50:00 PM,29.5,29.6,29.5,47.3,-999999.0,29.6,29.6,30.0,34.9
2/15/2017 1:52:00 PM,29.5,29.6,29.6,48.4,-999999.0,29.6,29.6,30.2,35.2
2/15/2017 1:54:00 PM,29.6,29.8,29.8,45.6,-999999.0,29.7,29.7,30.3,34.9
2/15/2017 1:56:00 PM,29.7,30.0,29.9,39.1,-999999.0,29.9,29.9,29.9,33.5
2/15/2017 1:58:00 PM,30.7,32.2,32.6,33.1,-999999.0,31.8,31.9,32.6,36.1
2/15/2017 2:00:00 PM,34.1,33.4,33.5,32.7,-999999.0,33.6,33.5,33.5,37.3
2/15/2017 2:02:00 PM,34.2,31.5,31.3,40.0,-999999.0,32.3,32.0,31.4,36.0
